last-generated=2020-08-27
statistics-simulation=
{
  "linear": " ",
  "nonlinear": " ",
  "numerical Jacobians": "0"
}
time=[0e+00, 5e+00]
volumeFlowTable.y=[0e+00, 1.192480347659775e+00, 2.384960695319549e+00, 3.577441042979323e+00, 4.7699213906391e-01, 1.669472486723684e+00, 2.861952834383458e+00, 4.054433182043233e+00, 9.539842781278201e-01, 2.146464625787594e+00, 3.338944973447368e+00, 2.38496069531956e-01, 1.430976417191728e+00, 2.623456764851504e+00, 3.815937112511278e+00, 7.154881954193127e-01, 1.907968521118165e+00, 3.100448846817017e+00, 4.292929172515869e+00]
maxQ=[4.25e+00, 4.25e+00]
speedTable.y=[1.2e+03, 1.2e+03, 1.2e+03, 1.2e+03, 1.9625e+03, 1.9625e+03, 1.9625e+03, 1.9625e+03, 2.725e+03, 2.725e+03, 2.725e+03, 3.4875e+03, 3.4875e+03, 3.4875e+03, 3.4875e+03, 4.25e+03, 4.25e+03, 4.25e+03, 4.25e+03]
param.nMin=[1.2e+03, 1.2e+03]
param.nMax=[4.25e+03, 4.25e+03]
headNew.y=[4.69149112701416e-01, -4.149010832125606e-01, -1.298951279126537e+00, -2.183001475040514e+00, 9.111159144485896e-01, 5.195467126937481e-02, -8.072065719098402e-01, -1.666367815089056e+00, 1.751836007165063e+00, 9.175637334446964e-01, 8.329145972432972e-02, 3.800692344174122e+00, 2.991309073360777e+00, 2.18192580254743e+00, 1.372542531734084e+00, 5.408434629440307e+00, 4.614614804585774e+00, 3.820794979731242e+00, 3.026975154876709e+00]
headNewABC.y=[4.69149112701416e-01, -4.149010832125606e-01, -1.298951279126537e+00, -2.183001475040514e+00, 9.111159144485896e-01, 5.195467126937481e-02, -8.072065719098402e-01, -1.666367815089056e+00, 1.751836007165063e+00, 9.175637334446964e-01, 8.329145972432972e-02, 3.800692344174122e+00, 2.991309073360777e+00, 2.18192580254743e+00, 1.372542531734084e+00, 5.408434629440307e+00, 4.614614804585774e+00, 3.820794979731242e+00, 3.026975154876709e+00]
